2
0 5.3 0.53 540
13 11 9 -0.26137 0.025411 0.0471918 -0.0871233 0.330342
14 11 9 -0.250676 -0.0501351 -0.0931081 -0.089527 0.325878
12 12 9 -0.201716 0.0632836 0.205672 -0.201716 0.205672
13 12 9 -0.260726 0.0170968 0.0555645 -0.196613 0.222258
14 12 9 -0.248175 -0.0336508 -0.109365 -0.197698 0.21873
15 12 9 -0.170357 -0.0757143 -0.246071 -0.204429 0.196857
11 13 9 -0.0871233 0.025411 0.330342 -0.26137 0.0471918
12 13 9 -0.196613 0.0170968 0.222258 -0.260726 0.0555645
13 13 9 -0.260351 0.00464912 0.0604386 -0.260351 0.0604386
14 13 9 -0.246724 -0.00913793 -0.118793 -0.260431 0.0593966
15 13 9 -0.163077 -0.0203846 -0.265 -0.260923 0.053
11 14 9 -0.089527 -0.0501351 0.325878 -0.250676 -0.0931081
12 14 9 -0.197698 -0.0336508 0.21873 -0.248175 -0.109365
13 14 9 -0.260431 -0.00913793 0.0593966 -0.246724 -0.118793
14 14 9 -0.247034 0.0179661 -0.11678 -0.247034 -0.11678
15 14 9 -0.164621 0.0401515 -0.260985 -0.248939 -0.104394
12 15 9 -0.204429 -0.0757143 0.196857 -0.170357 -0.246071
13 15 9 -0.260923 -0.0203846 0.053 -0.163077 -0.265
14 15 9 -0.248939 0.0401515 -0.104394 -0.164621 -0.260985
15 15 9 -0.174247 0.0907534 -0.235959 -0.174247 -0.235959
12 10 10 -0.206111 0.147222 0.147222 0.103056 0.368056
13 10 10 -0.261045 0.0395522 0.0395522 0.130522 0.395522
14 10 10 -0.249412 -0.0779412 -0.0779412 0.124706 0.389706
15 10 10 -0.176667 -0.176667 -0.176667 0.0883333 0.353333
11 11 10 -0.0682576 0.196742 0.281061 -0.0682576 0.281061
12 11 10 -0.187909 0.134909 0.192727 -0.0289091 0.337273
13 11 10 -0.2597 0.0371 0.053 -0.0053 0.371
14 11 10 -0.244216 -0.0727451 -0.103922 -0.0103922 0.363725
15 11 10 -0.150776 -0.159914 -0.228448 -0.0411207 0.319828
16 11 10 -0.0261268 -0.209014 -0.298592 -0.0821127 0.261268
10 12 10 0.103056 0.147222 0.368056 -0.206111 0.147222
11 12 10 -0.0289091 0.134909 0.337273 -0.187909 0.192727
12 12 10 -0.168636 0.0963636 0.240909 -0.168636 0.240909
13 12 10 -0.258205 0.0271795 0.0679487 -0.156282 0.271795
14 12 10 -0.2385 -0.053 -0.1325 -0.159 0.265
15 12 10 -0.124043 -0.112766 -0.281915 -0.174787 0.225532
16 12 10 0.0176667 -0.141333 -0.353333 -0.194333 0.176667
10 13 10 0.130522 0.0395522 0.395522 -0.261045 0.0395522
11 13 10 -0.0053 0.0371 0.371 -0.2597 0.053
12 13 10 -0.156282 0.0271795 0.271795 -0.258205 0.0679487
13 13 10 -0.257206 0.00779412 0.0779412 -0.257206 0.0779412
14 13 10 -0.234714 -0.0151429 -0.151429 -0.257429 0.0757143
15 13 10 -0.107262 -0.0315476 -0.315476 -0.25869 0.0630952
16 13 10 0.0433636 -0.0385455 -0.385455 -0.260182 0.0481818
17 13 10 0.168311 -0.0393919 -0.393919 -0.261419 0.0358108
10 14 10 0.124706 -0.0779412 0.389706 -0.249412 -0.0779412
11 14 10 -0.0103922 -0.0727451 0.363725 -0.244216 -0.103922
12 14 10 -0.159 -0.053 0.265 -0.2385 -0.1325
13 14 10 -0.257429 -0.0151429 0.0757143 -0.234714 -0.151429
14 14 10 -0.235556 0.0294444 -0.147222 -0.235556 -0.147222
15 14 10 -0.11093 0.0616279 -0.30814 -0.240349 -0.123256
16 14 10 0.0378571 0.0757143 -0.378571 -0.246071 -0.0946429
17 14 10 0.162533 0.0777333 -0.388667 -0.250867 -0.0706667
10 15 10 0.0883333 -0.176667 0.353333 -0.176667 -0.176667
11 15 10 -0.0411207 -0.159914 0.319828 -0.150776 -0.228448
12 15 10 -0.174787 -0.112766 0.225532 -0.124043 -0.281915
13 15 10 -0.25869 -0.0315476 0.0630952 -0.107262 -0.315476
14 15 10 -0.240349 0.0616279 -0.123256 -0.11093 -0.30814
15 15 10 -0.1325 0.1325 -0.265 -0.1325 -0.265
16 15 10 0.00420635 0.168254 -0.336508 -0.159841 -0.210317
11 16 10 -0.0821127 -0.209014 0.261268 -0.0261268 -0.298592
12 16 10 -0.194333 -0.141333 0.176667 0.0176667 -0.353333
13 16 10 -0.260182 -0.0385455 0.0481818 0.0433636 -0.385455
14 16 10 -0.246071 0.0757143 -0.0946429 0.0378571 -0.378571
15 16 10 -0.159841 0.168254 -0.210317 0.00420635 -0.336508
13 17 10 -0.261419 -0.0393919 0.0358108 0.168311 -0.393919
14 17 10 -0.250867 0.0777333 -0.0706667 0.162533 -0.388667
13 9 11 -0.26137 0.0471918 0.025411 0.348493 0.330342
14 9 11 -0.250676 -0.0931081 -0.0501351 0.340203 0.325878
11 10 11 -0.0682576 0.281061 0.196742 0.136515 0.281061
12 10 11 -0.187909 0.192727 0.134909 0.216818 0.337273
13 10 11 -0.2597 0.053 0.0371 0.265 0.371
14 10 11 -0.244216 -0.103922 -0.0727451 0.254608 0.363725
15 10 11 -0.150776 -0.228448 -0.159914 0.191897 0.319828
16 10 11 -0.0261268 -0.298592 -0.209014 0.108239 0.261268
10 11 11 0.136515 0.281061 0.281061 -0.0682576 0.196742
11 11 11 0 0.265 0.265 0 0.265
12 11 11 -0.153421 0.195263 0.195263 0.0767105 0.341711
13 11 11 -0.25697 0.0562121 0.0562121 0.128485 0.393485
14 11 11 -0.233824 -0.109118 -0.109118 0.116912 0.381912
15 11 11 -0.103415 -0.22622 -0.22622 0.0517073 0.316707
16 11 11 0.0490741 -0.274815 -0.274815 -0.024537 0.240463
17 11 11 0.174247 -0.279521 -0.279521 -0.0871233 0.177877
10 12 11 0.216818 0.192727 0.337273 -0.187909 0.134909
11 12 11 0.0767105 0.195263 0.341711 -0.153421 0.195263
12 12 11 -0.107963 0.157037 0.274815 -0.107963 0.274815
13 12 11 -0.252955 0.0481818 0.0843182 -0.0722727 0.337273
14 12 11 -0.218913 -0.0921739 -0.161304 -0.0806522 0.322609
15 12 11 -0.0441667 -0.176667 -0.309167 -0.123667 0.247333
16 12 11 0.129419 -0.197209 -0.345116 -0.166395 0.172558
17 12 11 0.252177 -0.188065 -0.329113 -0.196613 0.119677
9 13 11 0.348493 0.0471918 0.330342 -0.26137 0.025411
10 13 11 0.265 0.053 0.371 -0.2597 0.0371
11 13 11 0.128485 0.0562121 0.393485 -0.25697 0.0562121
12 13 11 -0.0722727 0.0481818 0.337273 -0.252955 0.0843182
13 13 11 -0.249412 0.0155882 0.109118 -0.249412 0.109118
14 13 11 -0.206111 -0.0294444 -0.206111 -0.250278 0.103056
15 13 11 0 -0.053 -0.371 -0.2544 0.0742
16 13 11 0.181316 -0.0557895 -0.390526 -0.258026 0.0488158
17 13 11 0.297544 -0.0511404 -0.357982 -0.260351 0.0325439
9 14 11 0.340203 -0.0931081 0.325878 -0.250676 -0.0501351
10 14 11 0.254608 -0.103922 0.363725 -0.244216 -0.0727451
11 14 11 0.116912 -0.109118 0.381912 -0.233824 -0.109118
12 14 11 -0.0806522 -0.0921739 0.322609 -0.218913 -0.161304
13 14 11 -0.250278 -0.0294444 0.103056 -0.206111 -0.206111
14 14 11 -0.209211 0.0557895 -0.195263 -0.209211 -0.195263
15 14 11 -0.0101923 0.101923 -0.356731 -0.224231 -0.142692
16 14 11 0.169872 0.108718 -0.380513 -0.237821 -0.0951282
17 14 11 0.287845 0.100517 -0.35181 -0.246724 -0.0639655
10 15 11 0.191897 -0.228448 0.319828 -0.150776 -0.159914
11 15 11 0.0517073 -0.22622 0.316707 -0.103415 -0.22622
12 15 11 -0.123667 -0.176667 0.247333 -0.0441667 -0.309167
13 15 11 -0.2544 -0.053 0.0742 0 -0.371
14 15 11 -0.224231 0.101923 -0.142692 -0.0101923 -0.356731
15 15 11 -0.0642424 0.200758 -0.281061 -0.0642424 -0.281061
16 15 11 0.103696 0.230435 -0.322609 -0.120978 -0.20163
17 15 11 0.228308 0.224231 -0.313923 -0.163077 -0.142692
10 16 11 0.108239 -0.298592 0.261268 -0.0261268 -0.209014
11 16 11 -0.024537 -0.274815 0.240463 0.0490741 -0.274815
12 16 11 -0.166395 -0.197209 0.172558 0.129419 -0.345116
13 16 11 -0.258026 -0.0557895 0.0488158 0.181316 -0.390526
14 16 11 -0.237821 0.108718 -0.0951282 0.169872 -0.380513
15 16 11 -0.120978 0.230435 -0.20163 0.103696 -0.322609
16 16 11 0.0224576 0.287458 -0.251525 0.0224576 -0.251525
11 17 11 -0.0871233 -0.279521 0.177877 0.174247 -0.279521
12 17 11 -0.196613 -0.188065 0.119677 0.252177 -0.329113
13 17 11 -0.260351 -0.0511404 0.0325439 0.297544 -0.357982
14 17 11 -0.246724 0.100517 -0.0639655 0.287845 -0.35181
15 17 11 -0.163077 0.224231 -0.142692 0.228308 -0.313923
12 9 12 -0.201716 0.205672 0.0632836 0.403433 0.205672
13 9 12 -0.260726 0.0555645 0.0170968 0.457339 0.222258
14 9 12 -0.248175 -0.109365 -0.0336508 0.445873 0.21873
15 9 12 -0.170357 -0.246071 -0.0757143 0.374786 0.196857
10 10 12 0.103056 0.368056 0.147222 0.103056 0.147222
11 10 12 -0.0289091 0.337273 0.134909 0.216818 0.192727
12 10 12 -0.168636 0.240909 0.0963636 0.337273 0.240909
13 10 12 -0.258205 0.0679487 0.0271795 0.414487 0.271795
14 10 12 -0.2385 -0.1325 -0.053 0.3975 0.265
15 10 12 -0.124043 -0.281915 -0.112766 0.29883 0.225532
16 10 12 0.0176667 -0.353333 -0.141333 0.176667 0.176667
10 11 12 0.216818 0.337273 0.192727 -0.0289091 0.134909
11 11 12 0.0767105 0.341711 0.195263 0.0767105 0.195263
12 11 12 -0.107963 0.274815 0.157037 0.215926 0.274815
13 11 12 -0.252955 0.0843182 0.0481818 0.325227 0.337273
14 11 12 -0.218913 -0.161304 -0.0921739 0.299565 0.322609
15 11 12 -0.0441667 -0.309167 -0.176667 0.167833 0.247333
16 11 12 0.129419 -0.345116 -0.197209 0.0369767 0.172558
17 11 12 0.252177 -0.329113 -0.188065 -0.0555645 0.119677
9 12 12 0.403433 0.205672 0.205672 -0.201716 0.0632836
10 12 12 0.337273 0.240909 0.240909 -0.168636 0.0963636
11 12 12 0.215926 0.274815 0.274815 -0.107963 0.157037
12 12 12 0 0.265 0.265 0 0.265
13 12 12 -0.240909 0.0963636 0.0963636 0.120455 0.385455
14 12 12 -0.176667 -0.176667 -0.176667 0.0883333 0.353333
15 12 12 0.0836842 -0.278947 -0.278947 -0.0418421 0.223158
16 12 12 0.265 -0.265 -0.265 -0.1325 0.1325
17 12 12 0.363725 -0.228627 -0.228627 -0.181863 0.0831373
9 13 12 0.457339 0.0555645 0.222258 -0.260726 0.0170968
10 13 12 0.414487 0.0679487 0.271795 -0.258205 0.0271795
11 13 12 0.325227 0.0843182 0.337273 -0.252955 0.0481818
12 13 12 0.120455 0.0963636 0.385455 -0.240909 0.0963636
13 13 12 -0.220833 0.0441667 0.176667 -0.220833 0.176667
14 13 12 -0.113571 -0.0757143 -0.302857 -0.227143 0.151429
15 13 12 0.208214 -0.0946429 -0.378571 -0.246071 0.0757143
16 13 12 0.363148 -0.0785185 -0.314074 -0.255185 0.0392593
17 13 12 0.432065 -0.0633696 -0.253478 -0.259239 0.0230435
18 13 12 0.466549 -0.0522535 -0.209014 -0.261268 0.0149296
9 14 12 0.445873 -0.109365 0.21873 -0.248175 -0.0336508
10 14 12 0.3975 -0.1325 0.265 -0.2385 -0.053
11 14 12 0.299565 -0.161304 0.322609 -0.218913 -0.0921739
12 14 12 0.0883333 -0.176667 0.353333 -0.176667 -0.176667
13 14 12 -0.227143 -0.0757143 0.151429 -0.113571 -0.302857
14 14 12 -0.1325 0.1325 -0.265 -0.1325 -0.265
15 14 12 0.176667 0.176667 -0.353333 -0.194333 -0.141333
16 14 12 0.340714 0.151429 -0.302857 -0.227143 -0.0757143
17 14 12 0.417234 0.124043 -0.248085 -0.242447 -0.0451064
18 14 12 0.456389 0.103056 -0.206111 -0.250278 -0.0294444
9 15 12 0.374786 -0.246071 0.196857 -0.170357 -0.0757143
10 15 12 0.29883 -0.281915 0.225532 -0.124043 -0.112766
11 15 12 0.167833 -0.309167 0.247333 -0.0441667 -0.176667
12 15 12 -0.0418421 -0.278947 0.223158 0.0836842 -0.278947
13 15 12 -0.246071 -0.0946429 0.0757143 0.208214 -0.378571
14 15 12 -0.194333 0.176667 -0.141333 0.176667 -0.353333
15 15 12 0.0361364 0.301136 -0.240909 0.0361364 -0.240909
16 15 12 0.219571 0.302857 -0.242286 -0.0757143 -0.151429
17 15 12 0.328796 0.269907 -0.215926 -0.142315 -0.0981481
10 16 12 0.176667 -0.353333 0.176667 0.0176667 -0.141333
11 16 12 0.0369767 -0.345116 0.172558 0.129419 -0.197209
12 16 12 -0.1325 -0.265 0.1325 0.265 -0.265
13 16 12 -0.255185 -0.0785185 0.0392593 0.363148 -0.314074
14 16 12 -0.227143 0.151429 -0.0757143 0.340714 -0.302857
15 16 12 -0.0757143 0.302857 -0.151429 0.219571 -0.242286
16 16 12 0.0883333 0.353333 -0.176667 0.0883333 -0.176667
17 16 12 0.213582 0.34806 -0.17403 -0.0118657 -0.126567
11 17 12 -0.0555645 -0.329113 0.119677 0.252177 -0.188065
12 17 12 -0.181863 -0.228627 0.0831373 0.363725 -0.228627
13 17 12 -0.259239 -0.0633696 0.0230435 0.432065 -0.253478
14 17 12 -0.242447 0.124043 -0.0451064 0.417234 -0.248085
15 17 12 -0.142315 0.269907 -0.0981481 0.328796 -0.215926
16 17 12 -0.0118657 0.34806 -0.126567 0.213582 -0.17403
13 18 12 -0.261268 -0.0522535 0.0149296 0.466549 -0.209014
14 18 12 -0.250278 0.103056 -0.0294444 0.456389 -0.206111
11 9 13 -0.0871233 0.330342 0.025411 0.348493 0.0471918
12 9 13 -0.196613 0.222258 0.0170968 0.457339 0.0555645
13 9 13 -0.260351 0.0604386 0.00464912 0.520702 0.0604386
14 9 13 -0.246724 -0.118793 -0.00913793 0.507155 0.0593966
15 9 13 -0.163077 -0.265 -0.0203846 0.424 0.053
10 10 13 0.130522 0.395522 0.0395522 0.130522 0.0395522
11 10 13 -0.0053 0.371 0.0371 0.265 0.053
12 10 13 -0.156282 0.271795 0.0271795 0.414487 0.0679487
13 10 13 -0.257206 0.0779412 0.00779412 0.514412 0.0779412
14 10 13 -0.234714 -0.151429 -0.0151429 0.492143 0.0757143
15 10 13 -0.107262 -0.315476 -0.0315476 0.365952 0.0630952
16 10 13 0.0433636 -0.385455 -0.0385455 0.216818 0.0481818
17 10 13 0.168311 -0.393919 -0.0393919 0.0931081 0.0358108
9 11 13 0.348493 0.330342 0.0471918 -0.0871233 0.025411
10 11 13 0.265 0.371 0.053 -0.0053 0.0371
11 11 13 0.128485 0.393485 0.0562121 0.128485 0.0562121
12 11 13 -0.0722727 0.337273 0.0481818 0.325227 0.0843182
13 11 13 -0.249412 0.109118 0.0155882 0.498824 0.109118
14 11 13 -0.206111 -0.206111 -0.0294444 0.456389 0.103056
15 11 13 0 -0.371 -0.053 0.2544 0.0742
16 11 13 0.181316 -0.390526 -0.0557895 0.0767105 0.0488158
17 11 13 0.297544 -0.357982 -0.0511404 -0.037193 0.0325439
9 12 13 0.457339 0.222258 0.0555645 -0.196613 0.0170968
10 12 13 0.414487 0.271795 0.0679487 -0.156282 0.0271795
11 12 13 0.325227 0.337273 0.0843182 -0.0722727 0.0481818
12 12 13 0.120455 0.385455 0.0963636 0.120455 0.0963636
13 12 13 -0.220833 0.176667 0.0441667 0.441667 0.176667
14 12 13 -0.113571 -0.302857 -0.0757143 0.340714 0.151429
15 12 13 0.208214 -0.378571 -0.0946429 0.0378571 0.0757143
16 12 13 0.363148 -0.314074 -0.0785185 -0.107963 0.0392593
17 12 13 0.432065 -0.253478 -0.0633696 -0.172826 0.0230435
18 12 13 0.466549 -0.209014 -0.0522535 -0.205282 0.0149296
9 13 13 0.520702 0.0604386 0.0604386 -0.260351 0.00464912
10 13 13 0.514412 0.0779412 0.0779412 -0.257206 0.00779412
11 13 13 0.498824 0.109118 0.109118 -0.249412 0.0155882
12 13 13 0.441667 0.176667 0.176667 -0.220833 0.0441667
13 13 13 0 0.265 0.265 0 0.265
14 13 13 0.265 -0.265 -0.265 -0.1325 0.1325
15 13 13 0.471111 -0.147222 -0.147222 -0.235556 0.0294444
16 13 13 0.505909 -0.0963636 -0.0963636 -0.252955 0.0120455
17 13 13 0.517073 -0.0710976 -0.0710976 -0.258537 0.00646341
18 13 13 0.52197 -0.0562121 -0.0562121 -0.260985 0.00401515
9 14 13 0.507155 -0.118793 0.0593966 -0.246724 -0.00913793
10 14 13 0.492143 -0.151429 0.0757143 -0.234714 -0.0151429
11 14 13 0.456389 -0.206111 0.103056 -0.206111 -0.0294444
12 14 13 0.340714 -0.302857 0.151429 -0.113571 -0.0757143
13 14 13 -0.1325 -0.265 0.1325 0.265 -0.265
14 14 13 0.0883333 0.353333 -0.176667 0.0883333 -0.176667
15 14 13 0.3975 0.265 -0.1325 -0.159 -0.053
16 14 13 0.472391 0.184348 -0.0921739 -0.218913 -0.0230435
17 14 13 0.498452 0.13881 -0.0694048 -0.239762 -0.012619
18 14 13 0.510224 0.110746 -0.0553731 -0.249179 -0.00791045
9 15 13 0.424 -0.265 0.053 -0.163077 -0.0203846
10 15 13 0.365952 -0.315476 0.0630952 -0.107262 -0.0315476
11 15 13 0.2544 -0.371 0.0742 0 -0.053
12 15 13 0.0378571 -0.378571 0.0757143 0.208214 -0.0946429
13 15 13 -0.235556 -0.147222 0.0294444 0.471111 -0.147222
14 15 13 -0.159 0.265 -0.053 0.3975 -0.1325
15 15 13 0.124706 0.389706 -0.0779412 0.124706 -0.0779412
16 15 13 0.300333 0.353333 -0.0706667 -0.0441667 -0.0441667
17 15 13 0.389388 0.297449 -0.0594898 -0.129796 -0.0270408
18 15 13 0.436892 0.250676 -0.0501351 -0.175473 -0.0179054
10 16 13 0.216818 -0.385455 0.0481818 0.0433636 -0.0385455
11 16 13 0.0767105 -0.390526 0.0488158 0.181316 -0.0557895
12 16 13 -0.107963 -0.314074 0.0392593 0.363148 -0.0785185
13 16 13 -0.252955 -0.0963636 0.0120455 0.505909 -0.0963636
14 16 13 -0.218913 0.184348 -0.0230435 0.472391 -0.0921739
15 16 13 -0.0441667 0.353333 -0.0441667 0.300333 -0.0706667
16 16 13 0.129419 0.394419 -0.0493023 0.129419 -0.0493023
17 16 13 0.252177 0.376129 -0.0470161 0.00854839 -0.0341935
10 17 13 0.0931081 -0.393919 0.0358108 0.168311 -0.0393919
11 17 13 -0.037193 -0.357982 0.0325439 0.297544 -0.0511404
12 17 13 -0.172826 -0.253478 0.0230435 0.432065 -0.0633696
13 17 13 -0.258537 -0.0710976 0.00646341 0.517073 -0.0710976
14 17 13 -0.239762 0.13881 -0.012619 0.498452 -0.0694048
15 17 13 -0.129796 0.297449 -0.0270408 0.389388 -0.0594898
16 17 13 0.00854839 0.376129 -0.0341935 0.252177 -0.0470161
12 18 13 -0.205282 -0.209014 0.0149296 0.466549 -0.0522535
13 18 13 -0.260985 -0.0562121 0.00401515 0.52197 -0.0562121
14 18 13 -0.249179 0.110746 -0.00791045 0.510224 -0.0553731
15 18 13 -0.175473 0.250676 -0.0179054 0.436892 -0.0501351
11 9 14 -0.089527 0.325878 -0.0501351 0.340203 -0.0931081
12 9 14 -0.197698 0.21873 -0.0336508 0.445873 -0.109365
13 9 14 -0.260431 0.0593966 -0.00913793 0.507155 -0.118793
14 9 14 -0.247034 -0.11678 0.0179661 0.494068 -0.11678
15 9 14 -0.164621 -0.260985 0.0401515 0.413561 -0.104394
10 10 14 0.124706 0.389706 -0.0779412 0.124706 -0.0779412
11 10 14 -0.0103922 0.363725 -0.0727451 0.254608 -0.103922
12 10 14 -0.159 0.265 -0.053 0.3975 -0.1325
13 10 14 -0.257429 0.0757143 -0.0151429 0.492143 -0.151429
14 10 14 -0.235556 -0.147222 0.0294444 0.471111 -0.147222
15 10 14 -0.11093 -0.30814 0.0616279 0.351279 -0.123256
16 10 14 0.0378571 -0.378571 0.0757143 0.208214 -0.0946429
17 10 14 0.162533 -0.388667 0.0777333 0.0883333 -0.0706667
9 11 14 0.340203 0.325878 -0.0931081 -0.089527 -0.0501351
10 11 14 0.254608 0.363725 -0.103922 -0.0103922 -0.0727451
11 11 14 0.116912 0.381912 -0.109118 0.116912 -0.109118
12 11 14 -0.0806522 0.322609 -0.0921739 0.299565 -0.161304
13 11 14 -0.250278 0.103056 -0.0294444 0.456389 -0.206111
14 11 14 -0.209211 -0.195263 0.0557895 0.418421 -0.195263
15 11 14 -0.0101923 -0.356731 0.101923 0.234423 -0.142692
16 11 14 0.169872 -0.380513 0.108718 0.0679487 -0.0951282
17 11 14 0.287845 -0.35181 0.100517 -0.0411207 -0.0639655
9 12 14 0.445873 0.21873 -0.109365 -0.197698 -0.0336508
10 12 14 0.3975 0.265 -0.1325 -0.159 -0.053
11 12 14 0.299565 0.322609 -0.161304 -0.0806522 -0.0921739
12 12 14 0.0883333 0.353333 -0.176667 0.0883333 -0.176667
13 12 14 -0.227143 0.151429 -0.0757143 0.340714 -0.302857
14 12 14 -0.1325 -0.265 0.1325 0.265 -0.265
15 12 14 0.176667 -0.353333 0.176667 0.0176667 -0.141333
16 12 14 0.340714 -0.302857 0.151429 -0.113571 -0.0757143
17 12 14 0.417234 -0.248085 0.124043 -0.174787 -0.0451064
18 12 14 0.456389 -0.206111 0.103056 -0.206111 -0.0294444
9 13 14 0.507155 0.0593966 -0.118793 -0.260431 -0.00913793
10 13 14 0.492143 0.0757143 -0.151429 -0.257429 -0.0151429
11 13 14 0.456389 0.103056 -0.206111 -0.250278 -0.0294444
12 13 14 0.340714 0.151429 -0.302857 -0.227143 -0.0757143
13 13 14 -0.1325 0.1325 -0.265 -0.1325 -0.265
14 13 14 0.0883333 -0.176667 0.353333 -0.176667 -0.176667
15 13 14 0.3975 -0.1325 0.265 -0.2385 -0.053
16 13 14 0.472391 -0.0921739 0.184348 -0.253478 -0.0230435
17 13 14 0.498452 -0.0694048 0.13881 -0.25869 -0.012619
18 13 14 0.510224 -0.0553731 0.110746 -0.261045 -0.00791045
9 14 14 0.494068 -0.11678 -0.11678 -0.247034 0.0179661
10 14 14 0.471111 -0.147222 -0.147222 -0.235556 0.0294444
11 14 14 0.418421 -0.195263 -0.195263 -0.209211 0.0557895
12 14 14 0.265 -0.265 -0.265 -0.1325 0.1325
13 14 14 -0.176667 -0.176667 -0.176667 0.0883333 0.353333
14 14 14 0 0.265 0.265 0 0.265
15 14 14 0.337273 0.240909 0.240909 -0.168636 0.0963636
16 14 14 0.441667 0.176667 0.176667 -0.220833 0.0441667
17 14 14 0.480698 0.135581 0.135581 -0.240349 0.0246512
18 14 14 0.498824 0.109118 0.109118 -0.249412 0.0155882
9 15 14 0.413561 -0.260985 -0.104394 -0.164621 0.0401515
10 15 14 0.351279 -0.30814 -0.123256 -0.11093 0.0616279
11 15 14 0.234423 -0.356731 -0.142692 -0.0101923 0.101923
12 15 14 0.0176667 -0.353333 -0.141333 0.176667 0.176667
13 15 14 -0.2385 -0.1325 -0.053 0.3975 0.265
14 15 14 -0.168636 0.240909 0.0963636 0.337273 0.240909
15 15 14 0.103056 0.368056 0.147222 0.103056 0.147222
16 15 14 0.282097 0.341935 0.136774 -0.0512903 0.0854839
17 15 14 0.3763 0.2915 0.1166 -0.1325 0.053
18 15 14 0.427533 0.247333 0.0989333 -0.176667 0.0353333
10 16 14 0.208214 -0.378571 -0.0946429 0.0378571 0.0757143
11 16 14 0.0679487 -0.380513 -0.0951282 0.169872 0.108718
12 16 14 -0.113571 -0.302857 -0.0757143 0.340714 0.151429
13 16 14 -0.253478 -0.0921739 -0.0230435 0.472391 0.184348
14 16 14 -0.220833 0.176667 0.0441667 0.441667 0.176667
15 16 14 -0.0512903 0.341935 0.0854839 0.282097 0.136774
16 16 14 0.120455 0.385455 0.0963636 0.120455 0.0963636
17 16 14 0.243968 0.370159 0.0925397 0.00420635 0.0673016
10 17 14 0.0883333 -0.388667 -0.0706667 0.162533 0.0777333
11 17 14 -0.0411207 -0.35181 -0.0639655 0.287845 0.100517
12 17 14 -0.174787 -0.248085 -0.0451064 0.417234 0.124043
13 17 14 -0.25869 -0.0694048 -0.012619 0.498452 0.13881
14 17 14 -0.240349 0.135581 0.0246512 0.480698 0.135581
15 17 14 -0.1325 0.2915 0.053 0.3763 0.1166
16 17 14 0.00420635 0.370159 0.0673016 0.243968 0.0925397
12 18 14 -0.206111 -0.206111 -0.0294444 0.456389 0.103056
13 18 14 -0.261045 -0.0553731 -0.00791045 0.510224 0.110746
14 18 14 -0.249412 0.109118 0.0155882 0.498824 0.109118
15 18 14 -0.176667 0.247333 0.0353333 0.427533 0.0989333
12 9 15 -0.204429 0.196857 -0.0757143 0.374786 -0.246071
13 9 15 -0.260923 0.053 -0.0203846 0.424 -0.265
14 9 15 -0.248939 -0.104394 0.0401515 0.413561 -0.260985
15 9 15 -0.174247 -0.235959 0.0907534 0.348493 -0.235959
10 10 15 0.0883333 0.353333 -0.176667 0.0883333 -0.176667
11 10 15 -0.0411207 0.319828 -0.159914 0.191897 -0.228448
12 10 15 -0.174787 0.225532 -0.112766 0.29883 -0.281915
13 10 15 -0.25869 0.0630952 -0.0315476 0.365952 -0.315476
14 10 15 -0.240349 -0.123256 0.0616279 0.351279 -0.30814
15 10 15 -0.1325 -0.265 0.1325 0.265 -0.265
16 10 15 0.00420635 -0.336508 0.168254 0.155635 -0.210317
10 11 15 0.191897 0.319828 -0.228448 -0.0411207 -0.159914
11 11 15 0.0517073 0.316707 -0.22622 0.0517073 -0.22622
12 11 15 -0.123667 0.247333 -0.176667 0.167833 -0.309167
13 11 15 -0.2544 0.0742 -0.053 0.2544 -0.371
14 11 15 -0.224231 -0.142692 0.101923 0.234423 -0.356731
15 11 15 -0.0642424 -0.281061 0.200758 0.128485 -0.281061
16 11 15 0.103696 -0.322609 0.230435 0.0172826 -0.20163
17 11 15 0.228308 -0.313923 0.224231 -0.0652308 -0.142692
9 12 15 0.374786 0.196857 -0.246071 -0.204429 -0.0757143
10 12 15 0.29883 0.225532 -0.281915 -0.174787 -0.112766
11 12 15 0.167833 0.247333 -0.309167 -0.123667 -0.176667
12 12 15 -0.0418421 0.223158 -0.278947 -0.0418421 -0.278947
13 12 15 -0.246071 0.0757143 -0.0946429 0.0378571 -0.378571
14 12 15 -0.194333 -0.141333 0.176667 0.0176667 -0.353333
15 12 15 0.0361364 -0.240909 0.301136 -0.0722727 -0.240909
16 12 15 0.219571 -0.242286 0.302857 -0.143857 -0.151429
17 12 15 0.328796 -0.215926 0.269907 -0.186481 -0.0981481
9 13 15 0.424 0.053 -0.265 -0.260923 -0.0203846
10 13 15 0.365952 0.0630952 -0.315476 -0.25869 -0.0315476
11 13 15 0.2544 0.0742 -0.371 -0.2544 -0.053
12 13 15 0.0378571 0.0757143 -0.378571 -0.246071 -0.0946429
13 13 15 -0.235556 0.0294444 -0.147222 -0.235556 -0.147222
14 13 15 -0.159 -0.053 0.265 -0.2385 -0.1325
15 13 15 0.124706 -0.0779412 0.389706 -0.249412 -0.0779412
16 13 15 0.300333 -0.0706667 0.353333 -0.256167 -0.0441667
17 13 15 0.389388 -0.0594898 0.297449 -0.259592 -0.0270408
18 13 15 0.436892 -0.0501351 0.250676 -0.261419 -0.0179054
9 14 15 0.413561 -0.104394 -0.260985 -0.248939 0.0401515
10 14 15 0.351279 -0.123256 -0.30814 -0.240349 0.0616279
11 14 15 0.234423 -0.142692 -0.356731 -0.224231 0.101923
12 14 15 0.0176667 -0.141333 -0.353333 -0.194333 0.176667
13 14 15 -0.2385 -0.053 -0.1325 -0.159 0.265
14 14 15 -0.168636 0.0963636 0.240909 -0.168636 0.240909
15 14 15 0.103056 0.147222 0.368056 -0.206111 0.147222
16 14 15 0.282097 0.136774 0.341935 -0.230806 0.0854839
17 14 15 0.3763 0.1166 0.2915 -0.2438 0.053
18 14 15 0.427533 0.0989333 0.247333 -0.250867 0.0353333
9 15 15 0.348493 -0.235959 -0.235959 -0.174247 0.0907534
10 15 15 0.265 -0.265 -0.265 -0.1325 0.1325
11 15 15 0.128485 -0.281061 -0.281061 -0.0642424 0.200758
12 15 15 -0.0722727 -0.240909 -0.240909 0.0361364 0.301136
13 15 15 -0.249412 -0.0779412 -0.0779412 0.124706 0.389706
14 15 15 -0.206111 0.147222 0.147222 0.103056 0.368056
15 15 15 0 0.265 0.265 0 0.265
16 15 15 0.181316 0.278947 0.278947 -0.0906579 0.174342
17 15 15 0.297544 0.255702 0.255702 -0.148772 0.116228
10 16 15 0.155635 -0.336508 -0.210317 0.00420635 0.168254
11 16 15 0.0172826 -0.322609 -0.20163 0.103696 0.230435
12 16 15 -0.143857 -0.242286 -0.151429 0.219571 0.302857
13 16 15 -0.256167 -0.0706667 -0.0441667 0.300333 0.353333
14 16 15 -0.230806 0.136774 0.0854839 0.282097 0.341935
15 16 15 -0.0906579 0.278947 0.174342 0.181316 0.278947
16 16 15 0.067549 0.332549 0.207843 0.067549 0.207843
17 16 15 0.193071 0.333143 0.208214 -0.0227143 0.151429
11 17 15 -0.0652308 -0.313923 -0.142692 0.228308 0.224231
12 17 15 -0.186481 -0.215926 -0.0981481 0.328796 0.269907
13 17 15 -0.259592 -0.0594898 -0.0270408 0.389388 0.297449
14 17 15 -0.2438 0.1166 0.053 0.3763 0.2915
15 17 15 -0.148772 0.255702 0.116228 0.297544 0.255702
16 17 15 -0.0227143 0.333143 0.151429 0.193071 0.208214
13 18 15 -0.261419 -0.0501351 -0.0179054 0.436892 0.250676
14 18 15 -0.250867 0.0989333 0.0353333 0.427533 0.247333
11 10 16 -0.0821127 0.261268 -0.209014 0.108239 -0.298592
12 10 16 -0.194333 0.176667 -0.141333 0.176667 -0.353333
13 10 16 -0.260182 0.0481818 -0.0385455 0.216818 -0.385455
14 10 16 -0.246071 -0.0946429 0.0757143 0.208214 -0.378571
15 10 16 -0.159841 -0.210317 0.168254 0.155635 -0.336508
10 11 16 0.108239 0.261268 -0.298592 -0.0821127 -0.209014
11 11 16 -0.024537 0.240463 -0.274815 -0.024537 -0.274815
12 11 16 -0.166395 0.172558 -0.197209 0.0369767 -0.345116
13 11 16 -0.258026 0.0488158 -0.0557895 0.0767105 -0.390526
14 11 16 -0.237821 -0.0951282 0.108718 0.0679487 -0.380513
15 11 16 -0.120978 -0.20163 0.230435 0.0172826 -0.322609
16 11 16 0.0224576 -0.251525 0.287458 -0.0449153 -0.251525
10 12 16 0.176667 0.176667 -0.353333 -0.194333 -0.141333
11 12 16 0.0369767 0.172558 -0.345116 -0.166395 -0.197209
12 12 16 -0.1325 0.1325 -0.265 -0.1325 -0.265
13 12 16 -0.255185 0.0392593 -0.0785185 -0.107963 -0.314074
14 12 16 -0.227143 -0.0757143 0.151429 -0.113571 -0.302857
15 12 16 -0.0757143 -0.151429 0.302857 -0.143857 -0.242286
16 12 16 0.0883333 -0.176667 0.353333 -0.176667 -0.176667
17 12 16 0.213582 -0.17403 0.34806 -0.201716 -0.126567
10 13 16 0.216818 0.0481818 -0.385455 -0.260182 -0.0385455
11 13 16 0.0767105 0.0488158 -0.390526 -0.258026 -0.0557895
12 13 16 -0.107963 0.0392593 -0.314074 -0.255185 -0.0785185
13 13 16 -0.252955 0.0120455 -0.0963636 -0.252955 -0.0963636
14 13 16 -0.218913 -0.0230435 0.184348 -0.253478 -0.0921739
15 13 16 -0.0441667 -0.0441667 0.353333 -0.256167 -0.0706667
16 13 16 0.129419 -0.0493023 0.394419 -0.258837 -0.0493023
17 13 16 0.252177 -0.0470161 0.376129 -0.260726 -0.0341935
10 14 16 0.208214 -0.0946429 -0.378571 -0.246071 0.0757143
11 14 16 0.0679487 -0.0951282 -0.380513 -0.237821 0.108718
12 14 16 -0.113571 -0.0757143 -0.302857 -0.227143 0.151429
13 14 16 -0.253478 -0.0230435 -0.0921739 -0.218913 0.184348
14 14 16 -0.220833 0.0441667 0.176667 -0.220833 0.176667
15 14 16 -0.0512903 0.0854839 0.341935 -0.230806 0.136774
16 14 16 0.120455 0.0963636 0.385455 -0.240909 0.0963636
17 14 16 0.243968 0.0925397 0.370159 -0.248175 0.0673016
10 15 16 0.155635 -0.210317 -0.336508 -0.159841 0.168254
11 15 16 0.0172826 -0.20163 -0.322609 -0.120978 0.230435
12 15 16 -0.143857 -0.151429 -0.242286 -0.0757143 0.302857
13 15 16 -0.256167 -0.0441667 -0.0706667 -0.0441667 0.353333
14 15 16 -0.230806 0.0854839 0.136774 -0.0512903 0.341935
15 15 16 -0.0906579 0.174342 0.278947 -0.0906579 0.278947
16 15 16 0.067549 0.207843 0.332549 -0.135098 0.207843
17 15 16 0.193071 0.208214 0.333143 -0.170357 0.151429
11 16 16 -0.0449153 -0.251525 -0.251525 0.0224576 0.287458
12 16 16 -0.176667 -0.176667 -0.176667 0.0883333 0.353333
13 16 16 -0.258837 -0.0493023 -0.0493023 0.129419 0.394419
14 16 16 -0.240909 0.0963636 0.0963636 0.120455 0.385455
15 16 16 -0.135098 0.207843 0.207843 0.067549 0.332549
16 16 16 0 0.265 0.265 0 0.265
12 17 16 -0.201716 -0.17403 -0.126567 0.213582 0.34806
13 17 16 -0.260726 -0.0470161 -0.0341935 0.252177 0.376129
14 17 16 -0.248175 0.0925397 0.0673016 0.243968 0.370159
15 17 16 -0.170357 0.208214 0.151429 0.193071 0.333143
13 10 17 -0.261419 0.0358108 -0.0393919 0.0931081 -0.393919
14 10 17 -0.250867 -0.0706667 0.0777333 0.0883333 -0.388667
11 11 17 -0.0871233 0.177877 -0.279521 -0.0871233 -0.279521
12 11 17 -0.196613 0.119677 -0.188065 -0.0555645 -0.329113
13 11 17 -0.260351 0.0325439 -0.0511404 -0.037193 -0.357982
14 11 17 -0.246724 -0.0639655 0.100517 -0.0411207 -0.35181
15 11 17 -0.163077 -0.142692 0.224231 -0.0652308 -0.313923
11 12 17 -0.0555645 0.119677 -0.329113 -0.196613 -0.188065
12 12 17 -0.181863 0.0831373 -0.228627 -0.181863 -0.228627
13 12 17 -0.259239 0.0230435 -0.0633696 -0.172826 -0.253478
14 12 17 -0.242447 -0.0451064 0.124043 -0.174787 -0.248085
15 12 17 -0.142315 -0.0981481 0.269907 -0.186481 -0.215926
16 12 17 -0.0118657 -0.126567 0.34806 -0.201716 -0.17403
10 13 17 0.0931081 0.0358108 -0.393919 -0.261419 -0.0393919
11 13 17 -0.037193 0.0325439 -0.357982 -0.260351 -0.0511404
12 13 17 -0.172826 0.0230435 -0.253478 -0.259239 -0.0633696
13 13 17 -0.258537 0.00646341 -0.0710976 -0.258537 -0.0710976
14 13 17 -0.239762 -0.012619 0.13881 -0.25869 -0.0694048
15 13 17 -0.129796 -0.0270408 0.297449 -0.259592 -0.0594898
16 13 17 0.00854839 -0.0341935 0.376129 -0.260726 -0.0470161
10 14 17 0.0883333 -0.0706667 -0.388667 -0.250867 0.0777333
11 14 17 -0.0411207 -0.0639655 -0.35181 -0.246724 0.100517
12 14 17 -0.174787 -0.0451064 -0.248085 -0.242447 0.124043
13 14 17 -0.25869 -0.012619 -0.0694048 -0.239762 0.13881
14 14 17 -0.240349 0.0246512 0.135581 -0.240349 0.135581
15 14 17 -0.1325 0.053 0.2915 -0.2438 0.1166
16 14 17 0.00420635 0.0673016 0.370159 -0.248175 0.0925397
11 15 17 -0.0652308 -0.142692 -0.313923 -0.163077 0.224231
12 15 17 -0.186481 -0.0981481 -0.215926 -0.142315 0.269907
13 15 17 -0.259592 -0.0270408 -0.0594898 -0.129796 0.297449
14 15 17 -0.2438 0.053 0.1166 -0.1325 0.2915
15 15 17 -0.148772 0.116228 0.255702 -0.148772 0.255702
16 15 17 -0.0227143 0.151429 0.333143 -0.170357 0.208214
12 16 17 -0.201716 -0.126567 -0.17403 -0.0118657 0.34806
13 16 17 -0.260726 -0.0341935 -0.0470161 0.00854839 0.376129
14 16 17 -0.248175 0.0673016 0.0925397 0.00420635 0.370159
15 16 17 -0.170357 0.151429 0.208214 -0.0227143 0.333143
13 12 18 -0.261268 0.0149296 -0.0522535 -0.205282 -0.209014
14 12 18 -0.250278 -0.0294444 0.103056 -0.206111 -0.206111
12 13 18 -0.205282 0.0149296 -0.209014 -0.261268 -0.0522535
13 13 18 -0.260985 0.00401515 -0.0562121 -0.260985 -0.0562121
14 13 18 -0.249179 -0.00791045 0.110746 -0.261045 -0.0553731
15 13 18 -0.175473 -0.0179054 0.250676 -0.261419 -0.0501351
12 14 18 -0.206111 -0.0294444 -0.206111 -0.250278 0.103056
13 14 18 -0.261045 -0.00791045 -0.0553731 -0.249179 0.110746
14 14 18 -0.249412 0.0155882 0.109118 -0.249412 0.109118
15 14 18 -0.176667 0.0353333 0.247333 -0.250867 0.0989333
13 15 18 -0.261419 -0.0179054 -0.0501351 -0.175473 0.250676
14 15 18 -0.250867 0.0353333 0.0989333 -0.176667 0.247333
1 1.5 0.53 540
26 25 22 -0.133333 -0.333333 -0.933333 0 0
27 25 22 0.0671156 -0.335578 -0.939618 0 0
25 26 22 -0.333333 -0.133333 -0.933333 0 0
26 26 22 -0.140028 -0.140028 -0.980196 0 0
27 26 22 0.0705346 -0.141069 -0.987484 0 0
28 26 22 0.272166 -0.136083 -0.952579 0 0
25 27 22 -0.335578 0.0671156 -0.939618 0 0
26 27 22 -0.141069 0.0705346 -0.987484 0 0
27 27 22 0.0710669 0.0710669 -0.994937 0 0
28 27 22 0.274075 0.0685189 -0.959264 0 0
26 28 22 -0.136083 0.272166 -0.952579 0 0
27 28 22 0.0685189 0.274075 -0.959264 0 0
25 24 23 -0.345033 -0.552052 -0.759072 0 0
26 24 23 -0.145479 -0.581914 -0.800132 0 0
27 24 23 0.0733236 -0.586588 -0.806559 0 0
28 24 23 0.282138 -0.564276 -0.77588 0 0
24 25 23 -0.552052 -0.345033 -0.759072 0 0
25 25 23 -0.38236 -0.38236 -0.841191 0 0
26 25 23 -0.163299 -0.408248 -0.898146 0 0
27 25 23 0.0824786 -0.412393 -0.907265 0 0
28 25 23 0.31427 -0.392837 -0.864242 0 0
29 25 23 0.50128 -0.358057 -0.787726 0 0
24 26 23 -0.581914 -0.145479 -0.800132 0 0
25 26 23 -0.408248 -0.163299 -0.898146 0 0
26 26 23 -0.17609 -0.17609 -0.968496 0 0
27 26 23 0.0890871 -0.178174 -0.979958 0 0
28 26 23 0.336861 -0.16843 -0.926367 0 0
29 26 23 0.530669 -0.15162 -0.833908 0 0
30 26 23 0.666667 -0.133333 -0.733333 0 0
24 27 23 -0.586588 0.0733236 -0.806559 0 0
25 27 23 -0.412393 0.0824786 -0.907265 0 0
26 27 23 -0.178174 0.0890871 -0.979958 0 0
27 27 23 0.090167 0.090167 -0.991837 0 0
28 27 23 0.340503 0.0851257 -0.936382 0 0
29 27 23 0.535303 0.0764719 -0.841191 0 0
30 27 23 0.671156 0.0671156 -0.738272 0 0
24 28 23 -0.564276 0.282138 -0.77588 0 0
25 28 23 -0.392837 0.31427 -0.864242 0 0
26 28 23 -0.16843 0.336861 -0.926367 0 0
27 28 23 0.0851257 0.340503 -0.936382 0 0
28 28 23 0.323381 0.323381 -0.889297 0 0
29 28 23 0.513265 0.293294 -0.806559 0 0
25 29 23 -0.358057 0.50128 -0.787726 0 0
26 29 23 -0.15162 0.530669 -0.833908 0 0
27 29 23 0.0764719 0.535303 -0.841191 0 0
28 29 23 0.293294 0.513265 -0.806559 0 0
29 29 23 0.473016 0.473016 -0.743311 0 0
26 30 23 -0.133333 0.666667 -0.733333 0 0
27 30 23 0.0671156 0.671156 -0.738272 0 0
25 23 24 -0.345033 -0.759072 -0.552052 0 0
26 23 24 -0.145479 -0.800132 -0.581914 0 0
27 23 24 0.0733236 -0.806559 -0.586588 0 0
28 23 24 0.282138 -0.77588 -0.564276 0 0
24 24 24 -0.57735 -0.57735 -0.57735 0 0
25 24 24 -0.404226 -0.646762 -0.646762 0 0
26 24 24 -0.174078 -0.696311 -0.696311 0 0
27 24 24 0.0880451 -0.704361 -0.704361 0 0
28 24 24 0.333333 -0.666667 -0.666667 0 0
29 24 24 0.526152 -0.601317 -0.601317 0 0
23 25 24 -0.759072 -0.345033 -0.552052 0 0
24 25 24 -0.646762 -0.404226 -0.646762 0 0
25 25 24 -0.468293 -0.468293 -0.749269 0 0
26 25 24 -0.20739 -0.518476 -0.829561 0 0
27 25 24 0.105409 -0.527046 -0.843274 0 0
28 25 24 0.39036 -0.48795 -0.78072 0 0
29 25 24 0.59588 -0.425628 -0.681005 0 0
30 25 24 0.727393 -0.363696 -0.581914 0 0
23 26 24 -0.800132 -0.145479 -0.581914 0 0
24 26 24 -0.696311 -0.174078 -0.696311 0 0
25 26 24 -0.518476 -0.20739 -0.829561 0 0
26 26 24 -0.235702 -0.235702 -0.942809 0 0
27 26 24 0.120386 -0.240772 -0.963087 0 0
28 26 24 0.436436 -0.218218 -0.872872 0 0
29 26 24 0.64715 -0.1849 -0.7396 0 0
30 26 24 0.771517 -0.154303 -0.617213 0 0
23 27 24 -0.806559 0.0733236 -0.586588 0 0
24 27 24 -0.704361 0.0880451 -0.704361 0 0
25 27 24 -0.527046 0.105409 -0.843274 0 0
26 27 24 -0.240772 0.120386 -0.963087 0 0
27 27 24 0.123091 0.123091 -0.984732 0 0
28 27 24 0.444444 0.111111 -0.888889 0 0
29 27 24 0.65561 0.0936586 -0.749269 0 0
30 27 24 0.778499 0.0778499 -0.622799 0 0
23 28 24 -0.77588 0.282138 -0.564276 0 0
24 28 24 -0.666667 0.333333 -0.666667 0 0
25 28 24 -0.48795 0.39036 -0.78072 0 0
26 28 24 -0.218218 0.436436 -0.872872 0 0
27 28 24 0.111111 0.444444 -0.888889 0 0
28 28 24 0.408248 0.408248 -0.816497 0 0
29 28 24 0.616316 0.35218 -0.704361 0 0
30 28 24 0.745356 0.298142 -0.596285 0 0
24 29 24 -0.601317 0.526152 -0.601317 0 0
25 29 24 -0.425628 0.59588 -0.681005 0 0
26 29 24 -0.1849 0.64715 -0.7396 0 0
27 29 24 0.0936586 0.65561 -0.749269 0 0
28 29 24 0.35218 0.616316 -0.704361 0 0
29 29 24 0.549972 0.549972 -0.628539 0 0
30 29 24 0.685189 0.479632 -0.548151 0 0
25 30 24 -0.363696 0.727393 -0.581914 0 0
26 30 24 -0.154303 0.771517 -0.617213 0 0
27 30 24 0.0778499 0.778499 -0.622799 0 0
28 30 24 0.298142 0.745356 -0.596285 0 0
29 30 24 0.479632 0.685189 -0.548151 0 0
26 22 25 -0.133333 -0.933333 -0.333333 0 0
27 22 25 0.0671156 -0.939618 -0.335578 0 0
24 23 25 -0.552052 -0.759072 -0.345033 0 0
25 23 25 -0.38236 -0.841191 -0.38236 0 0
26 23 25 -0.163299 -0.898146 -0.408248 0 0
27 23 25 0.0824786 -0.907265 -0.412393 0 0
28 23 25 0.31427 -0.864242 -0.392837 0 0
29 23 25 0.50128 -0.787726 -0.358057 0 0
23 24 25 -0.759072 -0.552052 -0.345033 0 0
24 24 25 -0.646762 -0.646762 -0.404226 0 0
25 24 25 -0.468293 -0.749269 -0.468293 0 0
26 24 25 -0.20739 -0.829561 -0.518476 0 0
27 24 25 0.105409 -0.843274 -0.527046 0 0
28 24 25 0.39036 -0.78072 -0.48795 0 0
29 24 25 0.59588 -0.681005 -0.425628 0 0
30 24 25 0.727393 -0.581914 -0.363696 0 0
23 25 25 -0.841191 -0.38236 -0.38236 0 0
24 25 25 -0.749269 -0.468293 -0.468293 0 0
25 25 25 -0.57735 -0.57735 -0.57735 0 0
26 25 25 -0.272166 -0.680414 -0.680414 0 0
27 25 25 0.140028 -0.70014 -0.70014 0 0
28 25 25 0.492366 -0.615457 -0.615457 0 0
29 25 25 0.703526 -0.502519 -0.502519 0 0
30 25 25 0.816497 -0.408248 -0.408248 0 0
31 25 25 0.878459 -0.337869 -0.337869 0 0
22 26 25 -0.933333 -0.133333 -0.333333 0 0
23 26 25 -0.898146 -0.163299 -0.408248 0 0
24 26 25 -0.829561 -0.20739 -0.518476 0 0
25 26 25 -0.680414 -0.272166 -0.680414 0 0
26 26 25 -0.348155 -0.348155 -0.870388 0 0
27 26 25 0.182574 -0.365148 -0.912871 0 0
28 26 25 0.596285 -0.298142 -0.745356 0 0
29 26 25 0.792594 -0.226455 -0.566139 0 0
30 26 25 0.880451 -0.17609 -0.440225 0 0
31 26 25 0.92387 -0.142134 -0.355335 0 0
22 27 25 -0.939618 0.0671156 -0.335578 0 0
23 27 25 -0.907265 0.0824786 -0.412393 0 0
24 27 25 -0.843274 0.105409 -0.527046 0 0
25 27 25 -0.70014 0.140028 -0.70014 0 0
26 27 25 -0.365148 0.182574 -0.912871 0 0
27 27 25 0.19245 0.19245 -0.96225 0 0
28 27 25 0.617213 0.154303 -0.771517 0 0
29 27 25 0.80829 0.11547 -0.57735 0 0
30 27 25 0.890871 0.0890871 -0.445435 0 0
31 27 25 0.930949 0.0716115 -0.358057 0 0
23 28 25 -0.864242 0.31427 -0.392837 0 0
24 28 25 -0.78072 0.39036 -0.48795 0 0
25 28 25 -0.615457 0.492366 -0.615457 0 0
26 28 25 -0.298142 0.596285 -0.745356 0 0
27 28 25 0.154303 0.617213 -0.771517 0 0
28 28 25 0.529813 0.529813 -0.662266 0 0
29 28 25 0.737865 0.421637 -0.527046 0 0
30 28 25 0.842152 0.336861 -0.421076 0 0
31 28 25 0.897085 0.276026 -0.345033 0 0
23 29 25 -0.787726 0.50128 -0.358057 0 0
24 29 25 -0.681005 0.59588 -0.425628 0 0
25 29 25 -0.502519 0.703526 -0.502519 0 0
26 29 25 -0.226455 0.792594 -0.566139 0 0
27 29 25 0.11547 0.80829 -0.57735 0 0
28 29 25 0.421637 0.737865 -0.527046 0 0
29 29 25 0.631169 0.631169 -0.450835 0 0
30 29 25 0.758098 0.530669 -0.379049 0 0
24 30 25 -0.581914 0.727393 -0.363696 0 0
25 30 25 -0.408248 0.816497 -0.408248 0 0
26 30 25 -0.17609 0.880451 -0.440225 0 0
27 30 25 0.0890871 0.890871 -0.445435 0 0
28 30 25 0.336861 0.842152 -0.421076 0 0
29 30 25 0.530669 0.758098 -0.379049 0 0
30 30 25 0.666667 0.666667 -0.333333 0 0
25 31 25 -0.337869 0.878459 -0.337869 0 0
26 31 25 -0.142134 0.92387 -0.355335 0 0
27 31 25 0.0716115 0.930949 -0.358057 0 0
28 31 25 0.276026 0.897085 -0.345033 0 0
25 22 26 -0.333333 -0.933333 -0.133333 0 0
26 22 26 -0.140028 -0.980196 -0.140028 0 0
27 22 26 0.0705346 -0.987484 -0.141069 0 0
28 22 26 0.272166 -0.952579 -0.136083 0 0
24 23 26 -0.581914 -0.800132 -0.145479 0 0
25 23 26 -0.408248 -0.898146 -0.163299 0 0
26 23 26 -0.17609 -0.968496 -0.17609 0 0
27 23 26 0.0890871 -0.979958 -0.178174 0 0
28 23 26 0.336861 -0.926367 -0.16843 0 0
29 23 26 0.530669 -0.833908 -0.15162 0 0
30 23 26 0.666667 -0.733333 -0.133333 0 0
23 24 26 -0.800132 -0.581914 -0.145479 0 0
24 24 26 -0.696311 -0.696311 -0.174078 0 0
25 24 26 -0.518476 -0.829561 -0.20739 0 0
26 24 26 -0.235702 -0.942809 -0.235702 0 0
27 24 26 0.120386 -0.963087 -0.240772 0 0
28 24 26 0.436436 -0.872872 -0.218218 0 0
29 24 26 0.64715 -0.7396 -0.1849 0 0
30 24 26 0.771517 -0.617213 -0.154303 0 0
22 25 26 -0.933333 -0.333333 -0.133333 0 0
23 25 26 -0.898146 -0.408248 -0.163299 0 0
24 25 26 -0.829561 -0.518476 -0.20739 0 0
25 25 26 -0.680414 -0.680414 -0.272166 0 0
26 25 26 -0.348155 -0.870388 -0.348155 0 0
27 25 26 0.182574 -0.912871 -0.365148 0 0
28 25 26 0.596285 -0.745356 -0.298142 0 0
29 25 26 0.792594 -0.566139 -0.226455 0 0
30 25 26 0.880451 -0.440225 -0.17609 0 0
31 25 26 0.92387 -0.355335 -0.142134 0 0
22 26 26 -0.980196 -0.140028 -0.140028 0 0
23 26 26 -0.968496 -0.17609 -0.17609 0 0
24 26 26 -0.942809 -0.235702 -0.235702 0 0
25 26 26 -0.870388 -0.348155 -0.348155 0 0
26 26 26 -0.57735 -0.57735 -0.57735 0 0
27 26 26 0.333333 -0.666667 -0.666667 0 0
28 26 26 0.816497 -0.408248 -0.408248 0 0
29 26 26 0.927173 -0.264906 -0.264906 0 0
30 26 26 0.96225 -0.19245 -0.19245 0 0
31 26 26 0.97714 -0.150329 -0.150329 0 0
22 27 26 -0.987484 0.0705346 -0.141069 0 0
23 27 26 -0.979958 0.0890871 -0.178174 0 0
24 27 26 -0.963087 0.120386 -0.240772 0 0
25 27 26 -0.912871 0.182574 -0.365148 0 0
26 27 26 -0.666667 0.333333 -0.666667 0 0
27 27 26 0.408248 0.408248 -0.816497 0 0
28 27 26 0.872872 0.218218 -0.436436 0 0
29 27 26 0.952579 0.136083 -0.272166 0 0
30 27 26 0.9759 0.09759 -0.19518 0 0
31 27 26 0.985527 0.0758098 -0.15162 0 0
22 28 26 -0.952579 0.272166 -0.136083 0 0
23 28 26 -0.926367 0.336861 -0.16843 0 0
24 28 26 -0.872872 0.436436 -0.218218 0 0
25 28 26 -0.745356 0.596285 -0.298142 0 0
26 28 26 -0.408248 0.816497 -0.408248 0 0
27 28 26 0.218218 0.872872 -0.436436 0 0
28 28 26 0.666667 0.666667 -0.333333 0 0
29 28 26 0.842701 0.481543 -0.240772 0 0
30 28 26 0.912871 0.365148 -0.182574 0 0
31 28 26 0.945611 0.290957 -0.145479 0 0
23 29 26 -0.833908 0.530669 -0.15162 0 0
24 29 26 -0.7396 0.64715 -0.1849 0 0
25 29 26 -0.566139 0.792594 -0.226455 0 0
26 29 26 -0.264906 0.927173 -0.264906 0 0
27 29 26 0.136083 0.952579 -0.272166 0 0
28 29 26 0.481543 0.842701 -0.240772 0 0
29 29 26 0.693103 0.693103 -0.19803 0 0
30 29 26 0.808452 0.565916 -0.16169 0 0
31 29 26 0.872503 0.469809 -0.134231 0 0
23 30 26 -0.733333 0.666667 -0.133333 0 0
24 30 26 -0.617213 0.771517 -0.154303 0 0
25 30 26 -0.440225 0.880451 -0.17609 0 0
26 30 26 -0.19245 0.96225 -0.19245 0 0
27 30 26 0.09759 0.9759 -0.19518 0 0
28 30 26 0.365148 0.912871 -0.182574 0 0
29 30 26 0.565916 0.808452 -0.16169 0 0
30 30 26 0.70014 0.70014 -0.140028 0 0
25 31 26 -0.355335 0.92387 -0.142134 0 0
26 31 26 -0.150329 0.97714 -0.150329 0 0
27 31 26 0.0758098 0.985527 -0.15162 0 0
28 31 26 0.290957 0.945611 -0.145479 0 0
29 31 26 0.469809 0.872503 -0.134231 0 0
25 22 27 -0.335578 -0.939618 0.0671156 0 0
26 22 27 -0.141069 -0.987484 0.0705346 0 0
27 22 27 0.0710669 -0.994937 0.0710669 0 0
28 22 27 0.274075 -0.959264 0.0685189 0 0
24 23 27 -0.586588 -0.806559 0.0733236 0 0
25 23 27 -0.412393 -0.907265 0.0824786 0 0
26 23 27 -0.178174 -0.979958 0.0890871 0 0
27 23 27 0.090167 -0.991837 0.090167 0 0
28 23 27 0.340503 -0.936382 0.0851257 0 0
29 23 27 0.535303 -0.841191 0.0764719 0 0
30 23 27 0.671156 -0.738272 0.0671156 0 0
23 24 27 -0.806559 -0.586588 0.0733236 0 0
24 24 27 -0.704361 -0.704361 0.0880451 0 0
25 24 27 -0.527046 -0.843274 0.105409 0 0
26 24 27 -0.240772 -0.963087 0.120386 0 0
27 24 27 0.123091 -0.984732 0.123091 0 0
28 24 27 0.444444 -0.888889 0.111111 0 0
29 24 27 0.65561 -0.749269 0.0936586 0 0
30 24 27 0.778499 -0.622799 0.0778499 0 0
22 25 27 -0.939618 -0.335578 0.0671156 0 0
23 25 27 -0.907265 -0.412393 0.0824786 0 0
24 25 27 -0.843274 -0.527046 0.105409 0 0
25 25 27 -0.70014 -0.70014 0.140028 0 0
26 25 27 -0.365148 -0.912871 0.182574 0 0
27 25 27 0.19245 -0.96225 0.19245 0 0
28 25 27 0.617213 -0.771517 0.154303 0 0
29 25 27 0.80829 -0.57735 0.11547 0 0
30 25 27 0.890871 -0.445435 0.0890871 0 0
31 25 27 0.930949 -0.358057 0.0716115 0 0
22 26 27 -0.987484 -0.141069 0.0705346 0 0
23 26 27 -0.979958 -0.178174 0.0890871 0 0
24 26 27 -0.963087 -0.240772 0.120386 0 0
25 26 27 -0.912871 -0.365148 0.182574 0 0
26 26 27 -0.666667 -0.666667 0.333333 0 0
27 26 27 0.408248 -0.816497 0.408248 0 0
28 26 27 0.872872 -0.436436 0.218218 0 0
29 26 27 0.952579 -0.272166 0.136083 0 0
30 26 27 0.9759 -0.19518 0.09759 0 0
31 26 27 0.985527 -0.15162 0.0758098 0 0
22 27 27 -0.994937 0.0710669 0.0710669 0 0
23 27 27 -0.991837 0.090167 0.090167 0 0
24 27 27 -0.984732 0.123091 0.123091 0 0
25 27 27 -0.96225 0.19245 0.19245 0 0
26 27 27 -0.816497 0.408248 0.408248 0 0
27 27 27 0.57735 0.57735 0.57735 0 0
28 27 27 0.942809 0.235702 0.235702 0 0
29 27 27 0.980196 0.140028 0.140028 0 0
30 27 27 0.990148 0.0990148 0.0990148 0 0
31 27 27 0.994135 0.0764719 0.0764719 0 0
22 28 27 -0.959264 0.274075 0.0685189 0 0
23 28 27 -0.936382 0.340503 0.0851257 0 0
24 28 27 -0.888889 0.444444 0.111111 0 0
25 28 27 -0.771517 0.617213 0.154303 0 0
26 28 27 -0.436436 0.872872 0.218218 0 0
27 28 27 0.235702 0.942809 0.235702 0 0
28 28 27 0.696311 0.696311 0.174078 0 0
29 28 27 0.86164 0.492366 0.123091 0 0
30 28 27 0.9245 0.3698 0.09245 0 0
31 28 27 0.953206 0.293294 0.0733236 0 0
23 29 27 -0.841191 0.535303 0.0764719 0 0
24 29 27 -0.749269 0.65561 0.0936586 0 0
25 29 27 -0.57735 0.80829 0.11547 0 0
26 29 27 -0.272166 0.952579 0.136083 0 0
27 29 27 0.140028 0.980196 0.140028 0 0
28 29 27 0.492366 0.86164 0.123091 0 0
29 29 27 0.703526 0.703526 0.100504 0 0
30 29 27 0.816497 0.571548 0.0816497 0 0
31 29 27 0.878459 0.473016 0.0675737 0 0
23 30 27 -0.738272 0.671156 0.0671156 0 0
24 30 27 -0.622799 0.778499 0.0778499 0 0
25 30 27 -0.445435 0.890871 0.0890871 0 0
26 30 27 -0.19518 0.9759 0.09759 0 0
27 30 27 0.0990148 0.990148 0.0990148 0 0
28 30 27 0.3698 0.9245 0.09245 0 0
29 30 27 0.571548 0.816497 0.0816497 0 0
30 30 27 0.705346 0.705346 0.0705346 0 0
25 31 27 -0.358057 0.930949 0.0716115 0 0
26 31 27 -0.15162 0.985527 0.0758098 0 0
27 31 27 0.0764719 0.994135 0.0764719 0 0
28 31 27 0.293294 0.953206 0.0733236 0 0
29 31 27 0.473016 0.878459 0.0675737 0 0
26 22 28 -0.136083 -0.952579 0.272166 0 0
27 22 28 0.0685189 -0.959264 0.274075 0 0
24 23 28 -0.564276 -0.77588 0.282138 0 0
25 23 28 -0.392837 -0.864242 0.31427 0 0
26 23 28 -0.16843 -0.926367 0.336861 0 0
27 23 28 0.0851257 -0.936382 0.340503 0 0
28 23 28 0.323381 -0.889297 0.323381 0 0
29 23 28 0.513265 -0.806559 0.293294 0 0
23 24 28 -0.77588 -0.564276 0.282138 0 0
24 24 28 -0.666667 -0.666667 0.333333 0 0
25 24 28 -0.48795 -0.78072 0.39036 0 0
26 24 28 -0.218218 -0.872872 0.436436 0 0
27 24 28 0.111111 -0.888889 0.444444 0 0
28 24 28 0.408248 -0.816497 0.408248 0 0
29 24 28 0.616316 -0.704361 0.35218 0 0
30 24 28 0.745356 -0.596285 0.298142 0 0
23 25 28 -0.864242 -0.392837 0.31427 0 0
24 25 28 -0.78072 -0.48795 0.39036 0 0
25 25 28 -0.615457 -0.615457 0.492366 0 0
26 25 28 -0.298142 -0.745356 0.596285 0 0
27 25 28 0.154303 -0.771517 0.617213 0 0
28 25 28 0.529813 -0.662266 0.529813 0 0
29 25 28 0.737865 -0.527046 0.421637 0 0
30 25 28 0.842152 -0.421076 0.336861 0 0
31 25 28 0.897085 -0.345033 0.276026 0 0
22 26 28 -0.952579 -0.136083 0.272166 0 0
23 26 28 -0.926367 -0.16843 0.336861 0 0
24 26 28 -0.872872 -0.218218 0.436436 0 0
25 26 28 -0.745356 -0.298142 0.596285 0 0
26 26 28 -0.408248 -0.408248 0.816497 0 0
27 26 28 0.218218 -0.436436 0.872872 0 0
28 26 28 0.666667 -0.333333 0.666667 0 0
29 26 28 0.842701 -0.240772 0.481543 0 0
30 26 28 0.912871 -0.182574 0.365148 0 0
31 26 28 0.945611 -0.145479 0.290957 0 0
22 27 28 -0.959264 0.0685189 0.274075 0 0
23 27 28 -0.936382 0.0851257 0.340503 0 0
24 27 28 -0.888889 0.111111 0.444444 0 0
25 27 28 -0.771517 0.154303 0.617213 0 0
26 27 28 -0.436436 0.218218 0.872872 0 0
27 27 28 0.235702 0.235702 0.942809 0 0
28 27 28 0.696311 0.174078 0.696311 0 0
29 27 28 0.86164 0.123091 0.492366 0 0
30 27 28 0.9245 0.09245 0.3698 0 0
31 27 28 0.953206 0.0733236 0.293294 0 0
23 28 28 -0.889297 0.323381 0.323381 0 0
24 28 28 -0.816497 0.408248 0.408248 0 0
25 28 28 -0.662266 0.529813 0.529813 0 0
26 28 28 -0.333333 0.666667 0.666667 0 0
27 28 28 0.174078 0.696311 0.696311 0 0
28 28 28 0.57735 0.57735 0.57735 0 0
29 28 28 0.777778 0.444444 0.444444 0 0
30 28 28 0.870388 0.348155 0.348155 0 0
31 28 28 0.916949 0.282138 0.282138 0 0
23 29 28 -0.806559 0.513265 0.293294 0 0
24 29 28 -0.704361 0.616316 0.35218 0 0
25 29 28 -0.527046 0.737865 0.421637 0 0
26 29 28 -0.240772 0.842701 0.481543 0 0
27 29 28 0.123091 0.86164 0.492366 0 0
28 29 28 0.444444 0.777778 0.444444 0 0
29 29 28 0.65561 0.65561 0.374634 0 0
30 29 28 0.778499 0.544949 0.3114 0 0
24 30 28 -0.596285 0.745356 0.298142 0 0
25 30 28 -0.421076 0.842152 0.336861 0 0
26 30 28 -0.182574 0.912871 0.365148 0 0
27 30 28 0.09245 0.9245 0.3698 0 0
28 30 28 0.348155 0.870388 0.348155 0 0
29 30 28 0.544949 0.778499 0.3114 0 0
30 30 28 0.680414 0.680414 0.272166 0 0
25 31 28 -0.345033 0.897085 0.276026 0 0
26 31 28 -0.145479 0.945611 0.290957 0 0
27 31 28 0.0733236 0.953206 0.293294 0 0
28 31 28 0.282138 0.916949 0.282138 0 0
25 23 29 -0.358057 -0.787726 0.50128 0 0
26 23 29 -0.15162 -0.833908 0.530669 0 0
27 23 29 0.0764719 -0.841191 0.535303 0 0
28 23 29 0.293294 -0.806559 0.513265 0 0
29 23 29 0.473016 -0.743311 0.473016 0 0
24 24 29 -0.601317 -0.601317 0.526152 0 0
25 24 29 -0.425628 -0.681005 0.59588 0 0
26 24 29 -0.1849 -0.7396 0.64715 0 0
27 24 29 0.0936586 -0.749269 0.65561 0 0
28 24 29 0.35218 -0.704361 0.616316 0 0
29 24 29 0.549972 -0.628539 0.549972 0 0
30 24 29 0.685189 -0.548151 0.479632 0 0
23 25 29 -0.787726 -0.358057 0.50128 0 0
24 25 29 -0.681005 -0.425628 0.59588 0 0
25 25 29 -0.502519 -0.502519 0.703526 0 0
26 25 29 -0.226455 -0.566139 0.792594 0 0
27 25 29 0.11547 -0.57735 0.80829 0 0
28 25 29 0.421637 -0.527046 0.737865 0 0
29 25 29 0.631169 -0.450835 0.631169 0 0
30 25 29 0.758098 -0.379049 0.530669 0 0
23 26 29 -0.833908 -0.15162 0.530669 0 0
24 26 29 -0.7396 -0.1849 0.64715 0 0
25 26 29 -0.566139 -0.226455 0.792594 0 0
26 26 29 -0.264906 -0.264906 0.927173 0 0
27 26 29 0.136083 -0.272166 0.952579 0 0
28 26 29 0.481543 -0.240772 0.842701 0 0
29 26 29 0.693103 -0.19803 0.693103 0 0
30 26 29 0.808452 -0.16169 0.565916 0 0
31 26 29 0.872503 -0.134231 0.469809 0 0
23 27 29 -0.841191 0.0764719 0.535303 0 0
24 27 29 -0.749269 0.0936586 0.65561 0 0
25 27 29 -0.57735 0.11547 0.80829 0 0
26 27 29 -0.272166 0.136083 0.952579 0 0
27 27 29 0.140028 0.140028 0.980196 0 0
28 27 29 0.492366 0.123091 0.86164 0 0
29 27 29 0.703526 0.100504 0.703526 0 0
30 27 29 0.816497 0.0816497 0.571548 0 0
31 27 29 0.878459 0.0675737 0.473016 0 0
23 28 29 -0.806559 0.293294 0.513265 0 0
24 28 29 -0.704361 0.35218 0.616316 0 0
25 28 29 -0.527046 0.421637 0.737865 0 0
26 28 29 -0.240772 0.481543 0.842701 0 0
27 28 29 0.123091 0.492366 0.86164 0 0
28 28 29 0.444444 0.444444 0.777778 0 0
29 28 29 0.65561 0.374634 0.65561 0 0
30 28 29 0.778499 0.3114 0.544949 0 0
23 29 29 -0.743311 0.473016 0.473016 0 0
24 29 29 -0.628539 0.549972 0.549972 0 0
25 29 29 -0.450835 0.631169 0.631169 0 0
26 29 29 -0.19803 0.693103 0.693103 0 0
27 29 29 0.100504 0.703526 0.703526 0 0
28 29 29 0.374634 0.65561 0.65561 0 0
29 29 29 0.57735 0.57735 0.57735 0 0
30 29 29 0.710669 0.497468 0.497468 0 0
24 30 29 -0.548151 0.685189 0.479632 0 0
25 30 29 -0.379049 0.758098 0.530669 0 0
26 30 29 -0.16169 0.808452 0.565916 0 0
27 30 29 0.0816497 0.816497 0.571548 0 0
28 30 29 0.3114 0.778499 0.544949 0 0
29 30 29 0.497468 0.710669 0.497468 0 0
26 31 29 -0.134231 0.872503 0.469809 0 0
27 31 29 0.0675737 0.878459 0.473016 0 0
26 23 30 -0.133333 -0.733333 0.666667 0 0
27 23 30 0.0671156 -0.738272 0.671156 0 0
25 24 30 -0.363696 -0.581914 0.727393 0 0
26 24 30 -0.154303 -0.617213 0.771517 0 0
27 24 30 0.0778499 -0.622799 0.778499 0 0
28 24 30 0.298142 -0.596285 0.745356 0 0
29 24 30 0.479632 -0.548151 0.685189 0 0
24 25 30 -0.581914 -0.363696 0.727393 0 0
25 25 30 -0.408248 -0.408248 0.816497 0 0
26 25 30 -0.17609 -0.440225 0.880451 0 0
27 25 30 0.0890871 -0.445435 0.890871 0 0
28 25 30 0.336861 -0.421076 0.842152 0 0
29 25 30 0.530669 -0.379049 0.758098 0 0
30 25 30 0.666667 -0.333333 0.666667 0 0
23 26 30 -0.733333 -0.133333 0.666667 0 0
24 26 30 -0.617213 -0.154303 0.771517 0 0
25 26 30 -0.440225 -0.17609 0.880451 0 0
26 26 30 -0.19245 -0.19245 0.96225 0 0
27 26 30 0.09759 -0.19518 0.9759 0 0
28 26 30 0.365148 -0.182574 0.912871 0 0
29 26 30 0.565916 -0.16169 0.808452 0 0
30 26 30 0.70014 -0.140028 0.70014 0 0
23 27 30 -0.738272 0.0671156 0.671156 0 0
24 27 30 -0.622799 0.0778499 0.778499 0 0
25 27 30 -0.445435 0.0890871 0.890871 0 0
26 27 30 -0.19518 0.09759 0.9759 0 0
27 27 30 0.0990148 0.0990148 0.990148 0 0
28 27 30 0.3698 0.09245 0.9245 0 0
29 27 30 0.571548 0.0816497 0.816497 0 0
30 27 30 0.705346 0.0705346 0.705346 0 0
24 28 30 -0.596285 0.298142 0.745356 0 0
25 28 30 -0.421076 0.336861 0.842152 0 0
26 28 30 -0.182574 0.365148 0.912871 0 0
27 28 30 0.09245 0.3698 0.9245 0 0
28 28 30 0.348155 0.348155 0.870388 0 0
29 28 30 0.544949 0.3114 0.778499 0 0
30 28 30 0.680414 0.272166 0.680414 0 0
24 29 30 -0.548151 0.479632 0.685189 0 0
25 29 30 -0.379049 0.530669 0.758098 0 0
26 29 30 -0.16169 0.565916 0.808452 0 0
27 29 30 0.0816497 0.571548 0.816497 0 0
28 29 30 0.3114 0.544949 0.778499 0 0
29 29 30 0.497468 0.497468 0.710669 0 0
25 30 30 -0.333333 0.666667 0.666667 0 0
26 30 30 -0.140028 0.70014 0.70014 0 0
27 30 30 0.0705346 0.705346 0.705346 0 0
28 30 30 0.272166 0.680414 0.680414 0 0
25 25 31 -0.337869 -0.337869 0.878459 0 0
26 25 31 -0.142134 -0.355335 0.92387 0 0
27 25 31 0.0716115 -0.358057 0.930949 0 0
28 25 31 0.276026 -0.345033 0.897085 0 0
25 26 31 -0.355335 -0.142134 0.92387 0 0
26 26 31 -0.150329 -0.150329 0.97714 0 0
27 26 31 0.0758098 -0.15162 0.985527 0 0
28 26 31 0.290957 -0.145479 0.945611 0 0
29 26 31 0.469809 -0.134231 0.872503 0 0
25 27 31 -0.358057 0.0716115 0.930949 0 0
26 27 31 -0.15162 0.0758098 0.985527 0 0
27 27 31 0.0764719 0.0764719 0.994135 0 0
28 27 31 0.293294 0.0733236 0.953206 0 0
29 27 31 0.473016 0.0675737 0.878459 0 0
25 28 31 -0.345033 0.276026 0.897085 0 0
26 28 31 -0.145479 0.290957 0.945611 0 0
27 28 31 0.0733236 0.293294 0.953206 0 0
28 28 31 0.282138 0.282138 0.916949 0 0
26 29 31 -0.134231 0.469809 0.872503 0 0
27 29 31 0.0675737 0.473016 0.878459 0 0
